Two classes paired by index, followed by explained variance; number of component columns. 0 & 8 are the pair with the fewest n_comps for 0.9 explained variance
0 1
0.5 4
0.75 21
0.9 98
0.95 209
0.99 621
0 2
0.5 3
0.75 16
0.9 79
0.95 179
0.99 575
0 3
0.5 4
0.75 17
0.9 78
0.95 172
0.99 548
0 4
0.5 3
0.75 16
0.9 80
0.95 183
0.99 589
0 5
0.5 4
0.75 19
0.9 82
0.95 178
0.99 555
0 6
0.5 3
0.75 17
0.9 90
0.95 207
0.99 635
0 7
0.5 4
0.75 21
0.9 94
0.95 201
0.99 598
0 8
0.5 3
0.75 16
0.9 77
0.95 170
0.99 544
0 9
0.5 5
0.75 24
0.9 105
0.95 220
0.99 630
1 2
0.5 5
0.75 25
0.9 110
0.95 230
0.99 666
1 3
0.5 5
0.75 25
0.9 105
0.95 218
0.99 633
1 4
0.5 5
0.75 26
0.9 116
0.95 241
0.99 684
1 5
0.5 6
0.75 27
0.9 110
0.95 224
0.99 639
1 6
0.5 5
0.75 28
0.9 129
0.95 265
0.99 727
1 7
0.5 6
0.75 30
0.9 123
0.95 246
0.99 675
1 8
0.5 5
0.75 23
0.9 102
0.95 214
0.99 624
1 9
0.5 7
0.75 33
0.9 132
0.95 260
0.99 696
2 3
0.5 4
0.75 19
0.9 86
0.95 188
0.99 586
2 4
0.5 4
0.75 20
0.9 95
0.95 211
0.99 643
2 5
0.5 4
0.75 21
0.9 90
0.95 193
0.99 590
2 6
0.5 4
0.75 22
0.9 109
0.95 240
0.99 691
2 7
0.5 5
0.75 25
0.9 106
0.95 221
0.99 636
2 8
0.5 4
0.75 18
0.9 81
0.95 182
0.99 577
2 9
0.5 6
0.75 27
0.9 114
0.95 236
0.99 665
3 4
0.5 4
0.75 21
0.9 92
0.95 200
0.99 610
3 5
0.5 5
0.75 22
0.9 88
0.95 185
0.99 562
3 6
0.5 4
0.75 22
0.9 104
0.95 226
0.99 659
3 7
0.5 5
0.75 24
0.9 100
0.95 209
0.99 604
3 8
0.5 4
0.75 18
0.9 79
0.95 174
0.99 546
3 9
0.5 5
0.75 26
0.9 107
0.95 221
0.99 630
4 5
0.5 5
0.75 23
0.9 97
0.95 206
0.99 616
4 6
0.5 4
0.75 24
0.9 122
0.95 261
0.99 724
4 7
0.5 5
0.75 26
0.9 113
0.95 233
0.99 656
4 8
0.5 4
0.75 17
0.9 83
0.95 188
0.99 593
4 9
0.5 6
0.75 28
0.9 120
0.95 245
0.99 679
5 6
0.5 5
0.75 24
0.9 109
0.95 231
0.99 665
5 7
0.5 6
0.75 26
0.9 105
0.95 213
0.99 609
5 8
0.5 4
0.75 20
0.9 85
0.95 181
0.99 554
5 9
0.5 6
0.75 28
0.9 111
0.95 225
0.99 633
6 7
0.5 5
0.75 29
0.9 126
0.95 259
0.99 702
6 8
0.5 3
0.75 19
0.9 95
0.95 214
0.99 643
6 9
0.5 6
0.75 30
0.9 133
0.95 270
0.99 724
7 8
0.5 5
0.75 22
0.9 97
0.95 205
0.99 599
7 9
0.5 7
0.75 32
0.9 127
0.95 251
0.99 674
8 9
0.5 6
0.75 26
0.9 109
0.95 225
0.99 632